3.110849 -2.431021 -1.123365
3.384751 -2.771774 -0.830201
4.230987 -4.448113 -4.491077
1.730822 -2.506709 2.528555
3.142856 -2.470839 -1.089108
3.174862 -2.510657 -1.054850
3.206869 -2.550476 -1.020593
3.238875 -2.590294 -0.986336
3.270881 -2.630112 -0.952078
3.302888 -2.669931 -0.917821
3.988427 -3.253567 -5.102742
4.020541 -3.377049 -5.039102
4.050642 -3.497553 -4.977068
4.078730 -3.615081 -4.916641
4.104806 -3.729630 -4.857821
4.128869 -3.841203 -4.800608
4.150920 -3.949798 -4.745002
4.170958 -4.055416 -4.691003
4.188984 -4.158056 -4.638611
4.204998 -4.257719 -4.587826
4.218998 -4.354405 -4.538648
1.594412 -2.215075 2.692725
1.628514 -2.287983 2.651682
1.662617 -2.360892 2.610640
1.696719 -2.433801 2.569597
