0.000000 0.000000 0.000000
-1.000000 0.000000 0.000000
0.000000 0.866025 -0.500000
1.000000 0.000000 0.000000
-0.142857 0.000000 0.000000
-0.285714 0.000000 0.000000
-0.428571 0.000000 0.000000
-0.571429 0.000000 0.000000
-0.714286 0.000000 0.000000
-0.857143 0.000000 0.000000
0.000000 0.123718 -0.071428
0.000000 0.247436 -0.142857
0.000000 0.371153 -0.214285
0.000000 0.494872 -0.285714
0.000000 0.618590 -0.357143
0.000000 0.742308 -0.428571
-0.156434 0.855363 -0.493844
-0.309017 0.823640 -0.475528
-0.453990 0.771635 -0.445503
-0.587785 0.700629 -0.404508
-0.707107 0.612373 -0.353553
-0.809017 0.509037 -0.293892
-0.891007 0.393167 -0.226995
-0.951057 0.267617 -0.154508
-0.987688 0.135476 -0.078217
0.857143 0.000000 0.000000
0.714286 0.000000 0.000000
0.571429 0.000000 0.000000
0.428571 0.000000 0.000000
0.285714 0.000000 0.000000
0.142857 0.000000 0.000000
0.987688 0.135476 -0.078217
0.951057 0.267617 -0.154508
0.891007 0.393167 -0.226995
0.809017 0.509037 -0.293892
0.707107 0.612373 -0.353553
0.587785 0.700629 -0.404508
0.453990 0.771635 -0.445503
0.309017 0.823640 -0.475528
0.156434 0.855363 -0.493844
-0.593803 0.511474 -0.295299
-0.136142 0.610356 -0.352389
-0.271291 0.593887 -0.342881
-0.400354 0.567823 -0.327833
-0.513483 0.536601 -0.309806
-0.623062 0.443346 -0.255966
-0.656885 0.347378 -0.200559
-0.684290 0.237472 -0.137104
-0.702317 0.120426 -0.069528
-0.638723 0.551166 -0.318216
-0.565355 0.119637 -0.069072
-0.425511 0.121543 -0.070173
-0.284059 0.123239 -0.071152
-0.141944 0.123769 -0.071458
-0.552971 0.237301 -0.137006
-0.417481 0.241461 -0.139407
-0.279171 0.245104 -0.141511
-0.139591 0.246667 -0.142413
-0.534799 0.349102 -0.201554
-0.406265 0.356788 -0.205991
-0.272785 0.363807 -0.210044
-0.136808 0.368077 -0.212509
-0.517460 0.449510 -0.259524
-0.398133 0.464274 -0.268048
-0.269266 0.478162 -0.276067
-0.135554 0.487867 -0.281670
-0.143942 0.728951 -0.420860
-0.285610 0.703689 -0.406275
-0.419944 0.664610 -0.383713
-0.539984 0.613252 -0.354061
-0.710903 0.466345 -0.269244
-0.768453 0.363487 -0.209859
-0.811322 0.248496 -0.143469
-0.839618 0.126099 -0.072803
0.590599 0.514248 -0.296901
0.704778 0.117902 -0.068071
0.685762 0.234945 -0.135645
0.655666 0.346717 -0.200177
0.619613 0.444689 -0.256741
0.511932 0.539588 -0.311531
0.401118 0.568879 -0.328442
0.274209 0.592613 -0.342145
0.139056 0.608224 -0.351158
0.636432 0.553150 -0.319361
0.138145 0.489612 -0.282677
0.140346 0.368503 -0.212755
0.142304 0.246002 -0.142029
0.142916 0.122927 -0.070972
0.274012 0.478887 -0.276485
0.278815 0.361549 -0.208740
0.283022 0.241769 -0.139585
0.284827 0.120889 -0.069795
0.403108 0.463150 -0.267399
0.411983 0.351836 -0.203132
0.420088 0.236239 -0.136392
0.425019 0.118479 -0.068404
0.519049 0.448134 -0.258730
0.536097 0.344793 -0.199066
0.552134 0.233191 -0.134633
0.563340 0.117393 -0.067777
0.841720 0.124657 -0.071971
0.812550 0.247346 -0.142805
0.767426 0.363682 -0.209972
0.708122 0.467640 -0.269992
0.538489 0.615660 -0.355451
0.419719 0.665500 -0.384226
0.286938 0.702625 -0.405661
0.145607 0.727131 -0.419809
0.000000 -0.866025 -0.500000
0.000000 -0.123718 -0.071428
0.000000 -0.247436 -0.142857
0.000000 -0.371153 -0.214285
0.000000 -0.494872 -0.285714
0.000000 -0.618590 -0.357143
0.000000 -0.742308 -0.428571
-0.156434 -0.855363 -0.493844
-0.309017 -0.823640 -0.475528
-0.453990 -0.771635 -0.445503
-0.587785 -0.700629 -0.404508
-0.707107 -0.612373 -0.353553
-0.809017 -0.509037 -0.293892
-0.891007 -0.393167 -0.226995
-0.951057 -0.267617 -0.154508
-0.987688 -0.135476 -0.078217
0.987688 -0.135476 -0.078217
0.951057 -0.267617 -0.154508
0.891007 -0.393167 -0.226995
0.809017 -0.509037 -0.293892
0.707107 -0.612373 -0.353553
0.587785 -0.700629 -0.404508
0.453990 -0.771635 -0.445503
0.309017 -0.823640 -0.475528
0.156434 -0.855363 -0.493844
-0.593803 -0.511474 -0.295299
-0.136142 -0.610356 -0.352389
-0.271291 -0.593887 -0.342881
-0.400354 -0.567823 -0.327833
-0.513483 -0.536601 -0.309806
-0.623062 -0.443346 -0.255966
-0.656885 -0.347378 -0.200559
-0.684290 -0.237472 -0.137104
-0.702317 -0.120426 -0.069528
-0.638723 -0.551166 -0.318216
-0.565355 -0.119637 -0.069072
-0.425511 -0.121543 -0.070173
-0.284059 -0.123239 -0.071152
-0.141944 -0.123769 -0.071458
-0.552971 -0.237301 -0.137006
-0.417481 -0.241461 -0.139407
-0.279171 -0.245104 -0.141511
-0.139591 -0.246667 -0.142413
-0.534799 -0.349102 -0.201554
-0.406265 -0.356788 -0.205991
-0.272785 -0.363807 -0.210044
-0.136808 -0.368077 -0.212509
-0.517460 -0.449510 -0.259524
-0.398133 -0.464274 -0.268048
-0.269266 -0.478162 -0.276067
-0.135554 -0.487867 -0.281670
-0.143942 -0.728951 -0.420860
-0.285610 -0.703689 -0.406275
-0.419944 -0.664610 -0.383713
-0.539984 -0.613252 -0.354061
-0.710903 -0.466345 -0.269244
-0.768453 -0.363487 -0.209859
-0.811322 -0.248496 -0.143469
-0.839618 -0.126099 -0.072803
0.590599 -0.514248 -0.296901
0.704778 -0.117902 -0.068071
0.685762 -0.234945 -0.135645
0.655666 -0.346717 -0.200177
0.619613 -0.444689 -0.256741
0.511932 -0.539588 -0.311531
0.401118 -0.568879 -0.328442
0.274209 -0.592613 -0.342145
0.139056 -0.608224 -0.351158
0.636432 -0.553150 -0.319361
0.138145 -0.489612 -0.282677
0.140346 -0.368503 -0.212755
0.142304 -0.246002 -0.142029
0.142916 -0.122927 -0.070972
0.274012 -0.478887 -0.276485
0.278815 -0.361549 -0.208740
0.283022 -0.241769 -0.139585
0.284827 -0.120889 -0.069795
0.403108 -0.463150 -0.267399
0.411983 -0.351836 -0.203132
0.420088 -0.236239 -0.136392
0.425019 -0.118479 -0.068404
0.519049 -0.448134 -0.258730
0.536097 -0.344793 -0.199066
0.552134 -0.233191 -0.134633
0.563340 -0.117393 -0.067777
0.841720 -0.124657 -0.071971
0.812550 -0.247346 -0.142805
0.767426 -0.363682 -0.209972
0.708122 -0.467640 -0.269992
0.538489 -0.615660 -0.355451
0.419719 -0.665500 -0.384226
0.286938 -0.702625 -0.405661
0.145607 -0.727131 -0.419809
0.000000 0.000000 1.000000
0.000000 0.000000 0.142857
0.000000 0.000000 0.285714
0.000000 0.000000 0.428571
0.000000 0.000000 0.571429
0.000000 0.000000 0.714286
0.000000 0.000000 0.857143
-0.156434 0.000000 0.987688
-0.309017 0.000000 0.951057
-0.453990 0.000000 0.891007
-0.587785 0.000000 0.809017
-0.707107 0.000000 0.707107
-0.809017 0.000000 0.587785
-0.891007 0.000000 0.453990
-0.951057 0.000000 0.309017
-0.987688 0.000000 0.156434
0.987688 0.000000 0.156434
0.951057 0.000000 0.309017
0.891007 0.000000 0.453990
0.809017 0.000000 0.587785
0.707107 0.000000 0.707107
0.587785 0.000000 0.809017
0.453990 0.000000 0.891007
0.309017 0.000000 0.951057
0.156434 0.000000 0.987688
-0.593803 0.000000 0.590599
-0.136142 0.000000 0.704778
-0.271291 0.000000 0.685762
-0.400354 0.000000 0.655666
-0.513483 0.000000 0.619613
-0.623062 0.000000 0.511932
-0.656885 0.000000 0.401118
-0.684290 0.000000 0.274209
-0.702317 0.000000 0.139056
-0.638723 0.000000 0.636432
-0.565355 0.000000 0.138145
-0.425511 0.000000 0.140346
-0.284059 0.000000 0.142304
-0.141944 0.000000 0.142916
-0.552971 0.000000 0.274012
-0.417481 0.000000 0.278815
-0.279171 0.000000 0.283022
-0.139591 0.000000 0.284827
-0.534799 0.000000 0.403108
-0.406265 0.000000 0.411983
-0.272785 0.000000 0.420088
-0.136808 0.000000 0.425019
-0.517460 0.000000 0.519049
-0.398133 0.000000 0.536097
-0.269266 0.000000 0.552134
-0.135554 0.000000 0.563340
-0.143942 0.000000 0.841720
-0.285610 0.000000 0.812550
-0.419944 0.000000 0.767426
-0.539984 0.000000 0.708122
-0.710903 0.000000 0.538489
-0.768453 0.000000 0.419719
-0.811322 0.000000 0.286938
-0.839618 0.000000 0.145607
0.590599 0.000000 0.593803
0.704778 0.000000 0.136142
0.685762 0.000000 0.271291
0.655666 0.000000 0.400354
0.619613 0.000000 0.513483
0.511932 0.000000 0.623062
0.401118 0.000000 0.656885
0.274209 0.000000 0.684290
0.139056 0.000000 0.702317
0.636432 0.000000 0.638723
0.138145 0.000000 0.565355
0.140346 0.000000 0.425511
0.142304 0.000000 0.284059
0.142916 0.000000 0.141944
0.274012 0.000000 0.552971
0.278815 0.000000 0.417481
0.283022 0.000000 0.279171
0.284827 0.000000 0.139591
0.403108 0.000000 0.534799
0.411983 0.000000 0.406265
0.420088 0.000000 0.272785
0.425019 0.000000 0.136808
0.519049 0.000000 0.517460
0.536097 0.000000 0.398133
0.552134 0.000000 0.269266
0.563340 0.000000 0.135554
0.841720 0.000000 0.143942
0.812550 0.000000 0.285610
0.767426 0.000000 0.419944
0.708122 0.000000 0.539984
0.538489 0.000000 0.710903
0.419719 0.000000 0.768453
0.286938 0.000000 0.811322
0.145607 0.000000 0.839618
