0 0 0 
0 1 0 
1 0 0 
0 -1 0 
0 0.142857 0 
0 0.285714 0 
0 0.428571 0 
0 0.571429 0 
0 0.714286 0 
0 0.857143 0 
0.142857 0 0 
0.285714 0 0 
0.428571 0 0 
0.571429 0 0 
0.714286 0 0 
0.857143 0 0 
0.987688 0.156434 0 
0.951057 0.309017 0 
0.891007 0.45399 0 
0.809017 0.587785 0 
0.707107 0.707107 0 
0.587785 0.809017 0 
0.45399 0.891007 0 
0.309017 0.951057 0 
0.156434 0.987688 0 
0 -0.857143 0 
0 -0.714286 0 
0 -0.571429 0 
0 -0.428571 0 
0 -0.285714 0 
0 -0.142857 0 
0.156434 -0.987688 0 
0.309017 -0.951057 0 
0.45399 -0.891007 0 
0.587785 -0.809017 0 
0.707107 -0.707107 0 
0.809017 -0.587785 0 
0.891007 -0.45399 0 
0.951057 -0.309017 0 
0.987688 -0.156434 0 
0.590599 0.593803 0 
0.704778 0.136142 0 
0.685762 0.271291 0 
0.655666 0.400354 0 
0.619613 0.513483 0 
0.511932 0.623062 0 
0.401118 0.656885 0 
0.274209 0.68429 0 
0.139056 0.702317 0 
0.636432 0.638723 0 
0.138145 0.565355 0 
0.140346 0.425511 0 
0.142304 0.284059 0 
0.142916 0.141944 0 
0.274012 0.552971 0 
0.278815 0.417481 0 
0.283022 0.279171 0 
0.284827 0.139591 0 
0.403108 0.534799 0 
0.411983 0.406265 0 
0.420088 0.272785 0 
0.425019 0.136808 0 
0.519049 0.51746 0 
0.536097 0.398133 0 
0.552134 0.269266 0 
0.56334 0.135554 0 
0.84172 0.143942 0 
0.81255 0.28561 0 
0.767426 0.419944 0 
0.708122 0.539984 0 
0.538489 0.710903 0 
0.419719 0.768453 0 
0.286938 0.811322 0 
0.145607 0.839618 0 
0.593803 -0.590599 0 
0.136142 -0.704778 0 
0.271291 -0.685762 0 
0.400354 -0.655666 0 
0.513483 -0.619613 0 
0.623062 -0.511932 0 
0.656885 -0.401118 0 
0.68429 -0.274209 0 
0.702317 -0.139056 0 
0.638723 -0.636432 0 
0.565355 -0.138145 0 
0.425511 -0.140346 0 
0.284059 -0.142304 0 
0.141944 -0.142916 0 
0.552971 -0.274012 0 
0.417481 -0.278815 0 
0.279171 -0.283022 0 
0.139591 -0.284827 0 
0.534799 -0.403108 0 
0.406265 -0.411983 0 
0.272785 -0.420088 0 
0.136808 -0.425019 0 
0.51746 -0.519049 0 
0.398133 -0.536097 0 
0.269266 -0.552134 0 
0.135554 -0.56334 0 
0.143942 -0.84172 0 
0.28561 -0.81255 0 
0.419944 -0.767426 0 
0.539984 -0.708122 0 
0.710903 -0.538489 0 
0.768453 -0.419719 0 
0.811322 -0.286938 0 
0.839618 -0.145607 0 
-1	0	0
-0.142857000000000	0	0
-0.285714000000000	0	0
-0.428571000000000	0	0
-0.571429000000000	0	0
-0.714286000000000	0	0
-0.857143000000000	0	0
-0.987688000000000	0.156434000000000	0
-0.951057000000000	0.309017000000000	0
-0.891007000000000	0.453990000000000	0
-0.809017000000000	0.587785000000000	0
-0.707107000000000	0.707107000000000	0
-0.587785000000000	0.809017000000000	0
-0.453990000000000	0.891007000000000	0
-0.309017000000000	0.951057000000000	0
-0.156434000000000	0.987688000000000	0
-0.156434000000000	-0.987688000000000	0
-0.309017000000000	-0.951057000000000	0
-0.453990000000000	-0.891007000000000	0
-0.587785000000000	-0.809017000000000	0
-0.707107000000000	-0.707107000000000	0
-0.809017000000000	-0.587785000000000	0
-0.891007000000000	-0.453990000000000	0
-0.951057000000000	-0.309017000000000	0
-0.987688000000000	-0.156434000000000	0
-0.590599000000000	0.593803000000000	0
-0.704778000000000	0.136142000000000	0
-0.685762000000000	0.271291000000000	0
-0.655666000000000	0.400354000000000	0
-0.619613000000000	0.513483000000000	0
-0.511932000000000	0.623062000000000	0
-0.401118000000000	0.656885000000000	0
-0.274209000000000	0.684290000000000	0
-0.139056000000000	0.702317000000000	0
-0.636432000000000	0.638723000000000	0
-0.138145000000000	0.565355000000000	0
-0.140346000000000	0.425511000000000	0
-0.142304000000000	0.284059000000000	0
-0.142916000000000	0.141944000000000	0
-0.274012000000000	0.552971000000000	0
-0.278815000000000	0.417481000000000	0
-0.283022000000000	0.279171000000000	0
-0.284827000000000	0.139591000000000	0
-0.403108000000000	0.534799000000000	0
-0.411983000000000	0.406265000000000	0
-0.420088000000000	0.272785000000000	0
-0.425019000000000	0.136808000000000	0
-0.519049000000000	0.517460000000000	0
-0.536097000000000	0.398133000000000	0
-0.552134000000000	0.269266000000000	0
-0.563340000000000	0.135554000000000	0
-0.841720000000000	0.143942000000000	0
-0.812550000000000	0.285610000000000	0
-0.767426000000000	0.419944000000000	0
-0.708122000000000	0.539984000000000	0
-0.538489000000000	0.710903000000000	0
-0.419719000000000	0.768453000000000	0
-0.286938000000000	0.811322000000000	0
-0.145607000000000	0.839618000000000	0
-0.593803000000000	-0.590599000000000	0
-0.136142000000000	-0.704778000000000	0
-0.271291000000000	-0.685762000000000	0
-0.400354000000000	-0.655666000000000	0
-0.513483000000000	-0.619613000000000	0
-0.623062000000000	-0.511932000000000	0
-0.656885000000000	-0.401118000000000	0
-0.684290000000000	-0.274209000000000	0
-0.702317000000000	-0.139056000000000	0
-0.638723000000000	-0.636432000000000	0
-0.565355000000000	-0.138145000000000	0
-0.425511000000000	-0.140346000000000	0
-0.284059000000000	-0.142304000000000	0
-0.141944000000000	-0.142916000000000	0
-0.552971000000000	-0.274012000000000	0
-0.417481000000000	-0.278815000000000	0
-0.279171000000000	-0.283022000000000	0
-0.139591000000000	-0.284827000000000	0
-0.534799000000000	-0.403108000000000	0
-0.406265000000000	-0.411983000000000	0
-0.272785000000000	-0.420088000000000	0
-0.136808000000000	-0.425019000000000	0
-0.517460000000000	-0.519049000000000	0
-0.398133000000000	-0.536097000000000	0
-0.269266000000000	-0.552134000000000	0
-0.135554000000000	-0.563340000000000	0
-0.143942000000000	-0.841720000000000	0
-0.285610000000000	-0.812550000000000	0
-0.419944000000000	-0.767426000000000	0
-0.539984000000000	-0.708122000000000	0
-0.710903000000000	-0.538489000000000	0
-0.768453000000000	-0.419719000000000	0
-0.811322000000000	-0.286938000000000	0
-0.839618000000000	-0.145607000000000	0