0 0 0 
0 1 0 
1 0 0 
0 -1 0 
0 0.142857 0 
0 0.285714 0 
0 0.428571 0 
0 0.571429 0 
0 0.714286 0 
0 0.857143 0 
0.142857 0 0 
0.285714 0 0 
0.428571 0 0 
0.571429 0 0 
0.714286 0 0 
0.857143 0 0 
0.987688 0.156434 0 
0.951057 0.309017 0 
0.891007 0.45399 0 
0.809017 0.587785 0 
0.707107 0.707107 0 
0.587785 0.809017 0 
0.45399 0.891007 0 
0.309017 0.951057 0 
0.156434 0.987688 0 
0 -0.857143 0 
0 -0.714286 0 
0 -0.571429 0 
0 -0.428571 0 
0 -0.285714 0 
0 -0.142857 0 
0.156434 -0.987688 0 
0.309017 -0.951057 0 
0.45399 -0.891007 0 
0.587785 -0.809017 0 
0.707107 -0.707107 0 
0.809017 -0.587785 0 
0.891007 -0.45399 0 
0.951057 -0.309017 0 
0.987688 -0.156434 0 
0.590599 0.593803 0 
0.704778 0.136142 0 
0.685762 0.271291 0 
0.655666 0.400354 0 
0.619613 0.513483 0 
0.511932 0.623062 0 
0.401118 0.656885 0 
0.274209 0.68429 0 
0.139056 0.702317 0 
0.636432 0.638723 0 
0.138145 0.565355 0 
0.140346 0.425511 0 
0.142304 0.284059 0 
0.142916 0.141944 0 
0.274012 0.552971 0 
0.278815 0.417481 0 
0.283022 0.279171 0 
0.284827 0.139591 0 
0.403108 0.534799 0 
0.411983 0.406265 0 
0.420088 0.272785 0 
0.425019 0.136808 0 
0.519049 0.51746 0 
0.536097 0.398133 0 
0.552134 0.269266 0 
0.56334 0.135554 0 
0.84172 0.143942 0 
0.81255 0.28561 0 
0.767426 0.419944 0 
0.708122 0.539984 0 
0.538489 0.710903 0 
0.419719 0.768453 0 
0.286938 0.811322 0 
0.145607 0.839618 0 
0.593803 -0.590599 0 
0.136142 -0.704778 0 
0.271291 -0.685762 0 
0.400354 -0.655666 0 
0.513483 -0.619613 0 
0.623062 -0.511932 0 
0.656885 -0.401118 0 
0.68429 -0.274209 0 
0.702317 -0.139056 0 
0.638723 -0.636432 0 
0.565355 -0.138145 0 
0.425511 -0.140346 0 
0.284059 -0.142304 0 
0.141944 -0.142916 0 
0.552971 -0.274012 0 
0.417481 -0.278815 0 
0.279171 -0.283022 0 
0.139591 -0.284827 0 
0.534799 -0.403108 0 
0.406265 -0.411983 0 
0.272785 -0.420088 0 
0.136808 -0.425019 0 
0.51746 -0.519049 0 
0.398133 -0.536097 0 
0.269266 -0.552134 0 
0.135554 -0.56334 0 
0.143942 -0.84172 0 
0.28561 -0.81255 0 
0.419944 -0.767426 0 
0.539984 -0.708122 0 
0.710903 -0.538489 0 
0.768453 -0.419719 0 
0.811322 -0.286938 0 
0.839618 -0.145607 0 