0.000000 0.000000 0.000000
-1.000000 0.000000 0.000000
0.000000 1.000000 0.000000
1.000000 0.000000 0.000000
-0.142857 0.000000 0.000000
-0.285714 0.000000 0.000000
-0.428571 0.000000 0.000000
-0.571429 0.000000 0.000000
-0.714286 0.000000 0.000000
-0.857143 0.000000 0.000000
0.000000 0.142857 0.000000
0.000000 0.285714 0.000000
0.000000 0.428571 0.000000
0.000000 0.571429 0.000000
0.000000 0.714286 0.000000
0.000000 0.857143 0.000000
-0.156434 0.987688 0.000000
-0.309017 0.951057 0.000000
-0.453990 0.891007 0.000000
-0.587785 0.809017 0.000000
-0.707107 0.707107 0.000000
-0.809017 0.587785 0.000000
-0.891007 0.453990 0.000000
-0.951057 0.309017 0.000000
-0.987688 0.156434 0.000000
0.857143 0.000000 0.000000
0.714286 0.000000 0.000000
0.571429 0.000000 0.000000
0.428571 0.000000 0.000000
0.285714 0.000000 0.000000
0.142857 0.000000 0.000000
0.987688 0.156434 0.000000
0.951057 0.309017 0.000000
0.891007 0.453990 0.000000
0.809017 0.587785 0.000000
0.707107 0.707107 0.000000
0.587785 0.809017 0.000000
0.453990 0.891007 0.000000
0.309017 0.951057 0.000000
0.156434 0.987688 0.000000
-0.593803 0.590599 0.000000
-0.136142 0.704778 0.000000
-0.271291 0.685762 0.000000
-0.400354 0.655666 0.000000
-0.513483 0.619613 0.000000
-0.623062 0.511932 0.000000
-0.656885 0.401118 0.000000
-0.684290 0.274209 0.000000
-0.702317 0.139056 0.000000
-0.638723 0.636432 0.000000
-0.565355 0.138145 0.000000
-0.425511 0.140346 0.000000
-0.284059 0.142304 0.000000
-0.141944 0.142916 0.000000
-0.552971 0.274012 0.000000
-0.417481 0.278815 0.000000
-0.279171 0.283022 0.000000
-0.139591 0.284827 0.000000
-0.534799 0.403108 0.000000
-0.406265 0.411983 0.000000
-0.272785 0.420088 0.000000
-0.136808 0.425019 0.000000
-0.517460 0.519049 0.000000
-0.398133 0.536097 0.000000
-0.269266 0.552134 0.000000
-0.135554 0.563340 0.000000
-0.143942 0.841720 0.000000
-0.285610 0.812550 0.000000
-0.419944 0.767426 0.000000
-0.539984 0.708122 0.000000
-0.710903 0.538489 0.000000
-0.768453 0.419719 0.000000
-0.811322 0.286938 0.000000
-0.839618 0.145607 0.000000
0.590599 0.593803 0.000000
0.704778 0.136142 0.000000
0.685762 0.271291 0.000000
0.655666 0.400354 0.000000
0.619613 0.513483 0.000000
0.511932 0.623062 0.000000
0.401118 0.656885 0.000000
0.274209 0.684290 0.000000
0.139056 0.702317 0.000000
0.636432 0.638723 0.000000
0.138145 0.565355 0.000000
0.140346 0.425511 0.000000
0.142304 0.284059 0.000000
0.142916 0.141944 0.000000
0.274012 0.552971 0.000000
0.278815 0.417481 0.000000
0.283022 0.279171 0.000000
0.284827 0.139591 0.000000
0.403108 0.534799 0.000000
0.411983 0.406265 0.000000
0.420088 0.272785 0.000000
0.425019 0.136808 0.000000
0.519049 0.517460 0.000000
0.536097 0.398133 0.000000
0.552134 0.269266 0.000000
0.563340 0.135554 0.000000
0.841720 0.143942 0.000000
0.812550 0.285610 0.000000
0.767426 0.419944 0.000000
0.708122 0.539984 0.000000
0.538489 0.710903 0.000000
0.419719 0.768453 0.000000
0.286938 0.811322 0.000000
0.145607 0.839618 0.000000
