4 8 7 50 48 
4 7 6 51 50 
4 6 5 52 51 
4 5 4 53 52 
4 4 0 10 53 
4 48 50 54 47 
4 50 51 55 54 
4 51 52 56 55 
4 52 53 57 56 
4 53 10 11 57 
4 47 54 58 46 
4 54 55 59 58 
4 55 56 60 59 
4 56 57 61 60 
4 57 11 12 61 
4 46 58 62 45 
4 58 59 63 62 
4 59 60 64 63 
4 60 61 65 64 
4 61 12 13 65 
4 45 62 44 40 
4 62 63 43 44 
4 63 64 42 43 
4 64 65 41 42 
4 65 13 14 41 
4 14 15 66 41 
4 15 2 16 66 
4 41 66 67 42 
4 66 16 17 67 
4 42 67 68 43 
4 67 17 18 68 
4 43 68 69 44 
4 68 18 19 69 
4 44 69 49 40 
4 69 19 20 49 
4 20 21 70 49 
4 21 22 71 70 
4 22 23 72 71 
4 23 24 73 72 
4 24 1 9 73 
4 49 70 45 40 
4 70 71 46 45 
4 71 72 47 46 
4 72 73 48 47 
4 73 9 8 48 
4 14 13 84 82 
4 13 12 85 84 
4 12 11 86 85 
4 11 10 87 86 
4 10 0 30 87 
4 82 84 88 81 
4 84 85 89 88 
4 85 86 90 89 
4 86 87 91 90 
4 87 30 29 91 
4 81 88 92 80 
4 88 89 93 92 
4 89 90 94 93 
4 90 91 95 94 
4 91 29 28 95 
4 80 92 96 79 
4 92 93 97 96 
4 93 94 98 97 
4 94 95 99 98 
4 95 28 27 99 
4 79 96 78 74 
4 96 97 77 78 
4 97 98 76 77 
4 98 99 75 76 
4 99 27 26 75 
4 26 25 100 75 
4 25 3 31 100 
4 75 100 101 76 
4 100 31 32 101 
4 76 101 102 77 
4 101 32 33 102 
4 77 102 103 78 
4 102 33 34 103 
4 78 103 83 74 
4 103 34 35 83 
4 35 36 104 83 
4 36 37 105 104 
4 37 38 106 105 
4 38 39 107 106 
4 39 2 15 107 
4 83 104 79 74 
4 104 105 80 79 
4 105 106 81 80 
4 106 107 82 81 
4 107 15 14 82 